2006 05 01,359.2700000
2006 06 01,306.0000000
2006 07 01,287.9700000
2006 08 01,319.4000000
2006 09 01,314.3600000
2006 10 01,303.4000000
2006 11 01,311.0000000
2006 12 01,311.8000000
2007 01 01,298.0000000
2007 02 01,293.9800000
2007 03 01,277.4500000
2007 04 01,276.4800000
2007 05 01,258.2900000
2007 06 01,270.4000000
2007 07 01,294.4000000
2007 08 01,282.4800000
2007 09 01,277.1400000
2007 10 01,306.9900000
2007 11 01,328.5000000
2007 12 01,359.4000000
2008 01 01,365.6400000
2008 02 01,322.0000000
2008 03 01,313.0900000
2008 04 01,319.8700000
2008 05 01,369.5000000
2008 06 01,360.3500000
2008 07 01,340.4300000
2008 08 01,279.6800000
2008 09 01,248.4700000
2008 10 01,203.9900000
2008 11 01,160.0000000
2008 12 01,118.8600000
2009 01 01,118.2700000
2009 02 01,130.9100000
2009 03 01,141.5000000
2009 04 01,152.4000000
2009 05 01,186.2800000
2009 06 01,195.8400000
2009 07 01,169.2500000
2009 08 01,174.9800000
2009 09 01,186.3900000
2009 10 01,204.9700000
2009 11 01,189.5100000
2009 12 01,186.0900000
2010 01 01,196.9000000
2010 02 01,195.2700000
2010 03 01,178.0900000
2010 04 01,185.2200000
2010 05 01,172.2000000
2010 06 01,168.1900000
2010 07 01,167.0000000
2010 08 01,170.6400000
2010 09 01,167.3900000
2010 10 01,171.4000000
2010 11 01,177.4400000
2010 12 01,198.1500000
2011 01 01,202.8500000
2011 02 01,216.6500000
2011 03 01,230.4400000
2011 04 01,247.4700000
2011 05 01,232.0000000
2011 06 01,212.4900000
2011 07 01,208.7800000
2011 08 01,204.6700000
2011 09 01,178.7900000
2011 10 01,190.2400000
2011 11 01,189.7200000
2011 12 01,186.6900000
2012 01 01,187.4300000
2012 02 01,196.0000000
2012 03 01,200.8000000
2012 04 01,185.8000000
2012 05 01,171.8500000
2012 06 01,159.1400000
2012 07 01,160.7800000
2012 08 01,159.3000000
2012 09 01,171.0400000
2012 10 01,161.0000000
2012 11 01,147.8100000
2012 12 01,145.8200000
2013 01 01,149.8500000
2013 02 01,143.4700000
2013 03 01,145.9500000
2013 04 01,134.4800000
2013 05 01,133.6300000
2013 06 01,122.9600000
2013 07 01,134.2500000
2013 08 01,134.8500000
2013 09 01,149.7000000
2013 10 01,158.6900000
2013 11 01,151.7700000
2013 12 01,144.0900000
2014 01 01,149.9500000
2014 02 01,153.8500000
2014 03 01,135.5000000
2014 04 01,138.4300000
2014 05 01,149.1000000
2014 06 01,154.2100000
2014 07 01,153.6600000
2014 08 01,137.6900000
2014 09 01,140.8200000
2014 10 01,141.5000000
2014 11 01,147.0000000
2014 12 01,147.9500000
2015 01 01,154.4700000
2015 02 01,166.9400000
2015 03 01,160.6000000
2015 04 01,156.2000000
2015 05 01,158.7000000
2015 06 01,149.3900000
2015 07 01,146.9500000
2015 08 01,148.1900000
2015 09 01,148.2000000
2015 10 01,145.3200000
2015 11 01,152.8400000
2015 12 01,141.6000000
2016 01 01,137.2800000
2016 02 01,141.5200000
2016 03 01,150.7400000
2016 04 01,169.4700000
2016 05 01,170.4300000
2016 06 01,149.1400000
2016 07 01,148.2500000
2016 08 01,139.3700000
2016 09 01,143.8300000
2016 10 01,140.2300000
2016 11 01,152.2500000
2016 12 01,160.6200000
2017 01 01,158.7000000
2017 02 01,150.4500000
2017 03 01,135.9700000
2017 04 01,137.7700000
2017 05 01,138.4300000
2017 06 01,121.4400000
2017 07 01,126.3500000
2017 08 01,120.3800000
2017 09 01,124.3800000
2017 10 01,127.8000000
2017 11 01,135.1900000
2017 12 01,136.4200000
2018 01 01,151.6500000
2018 02 01,149.9800000
2018 03 01,144.0000000
2018 04 01,147.2900000
2018 05 01,151.2700000
2018 06 01,147.5000000
2018 07 01,148.9800000
2018 08 01,150.2000000
2018 09 01,163.1900000
2018 10 01,176.9500000
2018 11 01,167.3600000
2018 12 01,166.6500000
2019 01 01,166.4900000
2019 02 01,165.4300000
2019 03 01,159.5500000
2019 04 01,165.4000000
2019 05 01,216.4500000
2019 06 01,251.6500000
2019 07 01,256.4000000
2019 08 01,237.3400000
2019 09 01,238.1700000
2019 10 01,267.4000000
2019 11 01,272.6800000
2019 12 01,263.4000000
2020 01 01,261.9000000
2020 02 01,239.8000000
2020 03 01,211.9900000
2020 04 01,196.2600000
2020 05 01,202.3000000
2020 06 01,208.1500000
2020 07 01,202.3300000
2020 08 01,194.6800000
2020 09 01,186.2900000
2020 10 01,173.4100000
2020 11 01,189.1000000
2020 12 01,215.3800000
2021 01 01,231.4400000
2021 02 01,233.3500000
2021 03 01,238.2300000
2021 04 01,237.4500000
2021 05 01,268.3800000
2021 06 01,281.8200000
2021 07 01,298.4800000
2021 08 01,307.6700000
2021 09 01,364.5300000
2021 10 01,397.6400000
2021 11 01,360.0000000
2021 12 01,353.1300000
2022 01 01,358.1000000
2022 02 01,339.9800000
2022 03 01,278.9000000
2022 04 01,259.9900000
2022 05 01,269.7800000
